0 0.480438 0.363257 0.021909 0.037578
0 0.399844 0.549061 0.010955 0.029228
0 0.371674 0.554280 0.017214 0.027140
0 0.332551 0.525052 0.010955 0.031315
0 0.305947 0.538622 0.014085 0.025052
0 0.241784 0.479123 0.023474 0.027140
0 0.130673 0.389353 0.017214 0.027140
0 0.489828 0.564718 0.015649 0.027140
0 0.532864 0.565762 0.014085 0.025052
0 0.562598 0.620042 0.017214 0.025052
0 0.607199 0.621086 0.012520 0.022965
0 0.636150 0.627349 0.010955 0.035491
0 0.718310 0.606472 0.018779 0.027140
0 0.758216 0.607516 0.020344 0.025052
0 0.767606 0.654489 0.010955 0.027140
0 0.813772 0.648225 0.012520 0.031315
0 0.882629 0.623173 0.021909 0.03131