0 0.090278 0.560764 0.027263 0.044367
0 0.159594 0.911073 0.026492 0.073688
0 0.225051 0.877701 0.051955 0.041667
0 0.388117 0.742091 0.029835 0.061343
0 0.545782 0.748457 0.034465 0.051698
0 0.717335 0.825424 0.040123 0.080633
0 0.773920 0.550733 0.042181 0.062114
0 0.864841 0.844136 0.048611 0.065586
0 0.799897 0.859568 0.041667 0.057099
0 0.359053 0.215085 0.030350 0.047454
0 0.405093 0.245370 0.039609 0.056327
0 0.604038 0.362076 0.030607 0.046682
0 0.332176 0.350694 0.029064 0.048611
0 0.716049 0.395640 0.031379 0.05439