0 0.144043 0.521898 0.024414 0.036496
0 0.181641 0.488321 0.017578 0.030657
0 0.193848 0.427007 0.018555 0.018978
0 0.208496 0.403650 0.012695 0.024818
0 0.286621 0.612409 0.020508 0.030657
0 0.327148 0.548175 0.007812 0.018978
0 0.274902 0.365693 0.010742 0.016058
0 0.571289 0.561314 0.019531 0.036496
0 0.606934 0.570803 0.016602 0.032117
0 0.631836 0.527737 0.007812 0.016058
0 0.703125 0.541606 0.017578 0.029197
0 0.781250 0.515328 0.015625 0.026277
0 0.908691 0.528467 0.016602 0.026277
0 0.956055 0.534307 0.007812 0.026277
0 0.747559 0.518248 0.006836 0.01751