0 0.156738 0.549780 0.036133 0.060029
0 0.229492 0.609810 0.023438 0.042460
0 0.296387 0.617862 0.032227 0.052709
0 0.330566 0.431918 0.045898 0.073206
0 0.340820 0.556369 0.021484 0.040996
0 0.412598 0.605417 0.026367 0.054173
0 0.470703 0.342606 0.029297 0.046852
0 0.526855 0.203514 0.020508 0.038067
0 0.425781 0.764275 0.021484 0.046852
0 0.507324 0.644949 0.026367 0.045388
0 0.517578 0.327965 0.027344 0.046852
0 0.595703 0.340410 0.025391 0.057101
0 0.570801 0.758419 0.034180 0.064422
0 0.645508 0.752562 0.031250 0.067350
0 0.806641 0.636896 0.019531 0.067350
0 0.895020 0.639092 0.036133 0.04831