0 0.173828 0.797950 0.015625 0.038067
0 0.235840 0.801611 0.020508 0.045388
0 0.333008 0.693265 0.025391 0.042460
0 0.377441 0.778184 0.032227 0.045388
0 0.583008 0.808199 0.041016 0.064422
0 0.641602 0.575403 0.025391 0.046852
0 0.541504 0.633968 0.032227 0.055637
0 0.804688 0.661786 0.029297 0.070278
0 0.255371 0.409956 0.018555 0.029283
0 0.304688 0.415081 0.019531 0.030747
0 0.478516 0.493411 0.029297 0.049780
0 0.524902 0.620791 0.022461 0.040996
0 0.530762 0.441435 0.020508 0.036603
0 0.623047 0.230600 0.037109 0.05124