0 0.163086 0.474531 0.033203 0.053619
0 0.209961 0.467158 0.023438 0.044236
0 0.284180 0.491957 0.041016 0.061662
0 0.339355 0.589812 0.016602 0.061662
0 0.337891 0.639410 0.048828 0.069705
0 0.430664 0.461796 0.054688 0.065684
0 0.415527 0.589142 0.053711 0.068365
0 0.374023 0.052949 0.046875 0.068365
0 0.629883 0.355228 0.041016 0.058981
0 0.636230 0.235255 0.049805 0.063003
0 0.691406 0.129357 0.041016 0.063003
0 0.687988 0.387399 0.079102 0.085791
0 0.840332 0.570375 0.051758 0.060322
0 0.776367 0.497319 0.029297 0.050938
0 0.872070 0.530831 0.033203 0.05361