0 0.132353 0.874434 0.045249 0.097285
0 0.234729 0.874434 0.037330 0.079186
0 0.267534 0.866516 0.039593 0.085973
0 0.308258 0.852941 0.032805 0.085973
0 0.329751 0.833710 0.032805 0.070136
0 0.388009 0.848416 0.029412 0.072398
0 0.401018 0.821267 0.039593 0.081448
0 0.432127 0.822398 0.029412 0.061086
0 0.479638 0.856335 0.024887 0.065611
0 0.563914 0.845023 0.026018 0.061086
0 0.594457 0.841629 0.023756 0.058824
0 0.646493 0.829186 0.032805 0.079186
0 0.661765 0.805430 0.036199 0.072398
0 0.723982 0.803167 0.029412 0.067873
0 0.774887 0.813348 0.038462 0.079186
0 0.849548 0.809955 0.036199 0.081448
0 0.910633 0.823529 0.024887 0.054299
0 0.979072 0.839367 0.035068 0.058824
0 0.031674 0.613122 0.024887 0.05882