0 0.149000 0.368000 0.034000 0.053333
0 0.286000 0.693333 0.036000 0.053333
0 0.334000 0.742667 0.032000 0.045333
0 0.645000 0.454667 0.046000 0.034667
0 0.430000 0.264000 0.048000 0.053333
0 0.518000 0.225333 0.032000 0.077333
0 0.623000 0.230667 0.038000 0.040000
0 0.562000 0.290667 0.036000 0.064000
0 0.739000 0.221333 0.046000 0.064000
0 0.763000 0.185333 0.026000 0.061333
0 0.823000 0.232000 0.038000 0.037333
0 0.946000 0.590667 0.052000 0.072000
0 0.962000 0.657333 0.052000 0.061333
0 0.667000 0.658667 0.046000 0.085333
0 0.412000 0.541333 0.048000 0.06400